Webots Project File version R2025a
perspectives: 000000ff00000000fd00000003000000000000000000000000fc0100000001fb0000001a0044006f00630075006d0065006e0074006100740069006f006e00000000000000001400000000000000000000000100000183000002c8fc0200000001fb0000001400540065007800740045006400690074006f00720100000000000002c80000008a00ffffff00000003000007800000011efc0100000002fb0000000e0043006f006e0073006f006c006501000000000000055f0000000000000000fb0000001a0043006f006e0073006f006c00650041006c006c0041006c006c0100000000000007800000008700ffffff000005fb000002c800000001000000020000000100000008fc00000000
simulationViewPerspectives: 000000ff0000000100000002000001140000066a0100000002010000000100
sceneTreePerspectives: 000000ff00000001000000030000001e0000028b000000fa0100000002010000000200
minimizedPerspectives: 000000ff00000000fd00000003000000000000000000000000fc0100000001fb0000001a0044006f00630075006d0065006e0074006100740069006f006e0000000000000000140000000000000000000000010000026c000002a0fc0200000001fb0000001400540065007800740045006400690074006f00720000000000000002a00000008a00ffffff00000003000005a000000092fc0100000002fb0000000e0043006f006e0073006f006c006501000000000000055f0000000000000000fb0000001a0043006f006e0073006f006c00650041006c006c0041006c006c0100000000000005a00000008700ffffff000005a0000002a000000001000000020000000100000008fc00000000
maximizedDockId: -1
centralWidgetVisible: 1
orthographicViewHeight: 1
textFiles: 0 "controllers/mavic_controller/mavic_controller.py"
consoles: Console:All:All
renderingDevicePerspectives: Mavic 2 PRO:bottom_camera;1;6.10938;0;0
renderingDevicePerspectives: Mavic 2 PRO:camera;0;0.783333;0;0
